1주 Payment Schedule
   Payment Date  Principal  Interest  원리금 합계  Remaining Balance
0    2023-07-15      16995      4759   21754             983005
1    2023-07-22      17076      4678   21754             965929
2    2023-07-29      17158      4596   21754             948771
3    2023-08-05      17239      4515   21754             931532
4    2023-08-12      17321      4433   21754             914211
5    2023-08-19      17404      4350   21754             896807
6    2023-08-26      17486      4268   21754             879321
7    2023-09-02      17570      4184   21754             861751
8    2023-09-09      17653      4101   21754             844098
9    2023-09-16      17737      4017   21754             826361
10   2023-09-23      17822      3932   21754             808539
11   2023-09-30      17906      3848   21754             790633
12   2023-10-07      17992      3762   21754             772641
13   2023-10-14      18077      3677   21754             754564
14   2023-10-21      18163      3591   21754             736401
15   2023-10-28      18250      3504   21754             718151
16   2023-11-04      18337      3417   21754             699814
17   2023-11-11      18424      3330   21754             681390
18   2023-11-18      18512      3242   21754             662878
19   2023-11-25      18600      3154   21754             644278
20   2023-12-02      18688      3066   21754             625590
21   2023-12-09      18777      2977   21754             606813
22   2023-12-16      18866      2888   21754             587947
23   2023-12-23      18956      2798   21754             568991
24   2023-12-30      19046      2708   21754             549945
25   2024-01-06      19137      2617   21754             530808
26   2024-01-13      19228      2526   21754             511580
27   2024-01-20      19320      2434   21754             492260
28   2024-01-27      19412      2342   21754             472848
29   2024-02-03      19504      2250   21754             453344
30   2024-02-10      19597      2157   21754             433747
31   2024-02-17      19690      2064   21754             414057
32   2024-02-24      19784      1970   21754             394273
33   2024-03-02      19878      1876   21754             374395
34   2024-03-09      19972      1782   21754             354423
35   2024-03-16      20067      1687   21754             334356
36   2024-03-23      20163      1591   21754             314193
37   2024-03-30      20259      1495   21754             293934
38   2024-04-06      20355      1399   21754             273579
39   2024-04-13      20452      1302   21754             253127
40   2024-04-20      20549      1205   21754             232578
41   2024-04-27      20647      1107   21754             211931
42   2024-05-04      20746      1008   21754             191185
43   2024-05-11      20844       910   21754             170341
44   2024-05-18      20943       811   21754             149398
45   2024-05-25      21043       711   21754             128355
46   2024-06-01      21143       611   21754             107212
47   2024-06-08      21244       510   21754              85968
48   2024-06-15      21345       409   21754              64623
49   2024-06-22      21446       308   21754              43177
50   2024-06-29      21549       205   21754              21628
51   2024-07-06      21651       103   21754                -23

2주 Payment Schedule
   Payment Date  Principal  Interest  원리금 합계  Remaining Balance
0    2023-07-15      34071      9540   43611             965929
1    2023-07-29      34396      9215   43611             931533
2    2023-08-12      34724      8887   43611             896809
3    2023-08-26      35056      8555   43611             861753
4    2023-09-09      35390      8221   43611             826363
5    2023-09-23      35728      7883   43611             790635
6    2023-10-07      36068      7543   43611             754567
7    2023-10-21      36413      7198   43611             718154
8    2023-11-04      36760      6851   43611             681394
9    2023-11-18      37111      6500   43611             644283
10   2023-12-02      37465      6146   43611             606818
11   2023-12-16      37822      5789   43611             568996
12   2023-12-30      38183      5428   43611             530813
13   2024-01-13      38547      5064   43611             492266
14   2024-01-27      38915      4696   43611             453351
15   2024-02-10      39286      4325   43611             414065
16   2024-02-24      39661      3950   43611             374404
17   2024-03-09      40039      3572   43611             334365
18   2024-03-23      40421      3190   43611             293944
19   2024-04-06      40807      2804   43611             253137
20   2024-04-20      41196      2415   43611             211941
21   2024-05-04      41589      2022   43611             170352
22   2024-05-18      41986      1625   43611             128366
23   2024-06-01      42386      1225   43611              85980
24   2024-06-15      42791       820   43611              43189
25   2024-06-29      43199       412   43611                -10

4주 Payment Schedule
   Payment Date  Principal  Interest  원리금 합계  Remaining Balance
0    2023-07-15      68466     19171   87637             931534
1    2023-08-12      69779     17858   87637             861755
2    2023-09-09      71117     16520   87637             790638
3    2023-10-07      72480     15157   87637             718158
4    2023-11-04      73869     13768   87637             644289
5    2023-12-02      75286     12351   87637             569003
6    2023-12-30      76729     10908   87637             492274
7    2024-01-27      78200      9437   87637             414074
8    2024-02-24      79699      7938   87637             334375
9    2024-03-23      81227      6410   87637             253148
10   2024-04-20      82784      4853   87637             170364
11   2024-05-18      84371      3266   87637              85993
12   2024-06-15      85988      1649   87637                  5

한달 Payment Schedule
   Payment Date  Principal  Interest  원리금 합계  Remaining Balance
0    2023-07-15      74231     20785   95016             925769
1    2023-08-14      75774     19242   95016             849995
2    2023-09-13      77349     17667   95016             772646
3    2023-10-14      78957     16059   95016             693689
4    2023-11-13      80598     14418   95016             613091
5    2023-12-14      82273     12743   95016             530818
6    2024-01-13      83983     11033   95016             446835
7    2024-02-12      85729      9287   95016             361106
8    2024-03-14      87511      7505   95016             273595
9    2024-04-13      89329      5687   95016             184266
10   2024-05-14      91186      3830   95016              93080
11   2024-06-13      93081      1935   95016                 -1
